55858826207424404863838157620658077353234848136302
88674424441245878502464244845480505643866728857660
24277013068330885658707184462746103638765580614766
50618400404034657032371554414041817855634071350328
43740066210001320127164361821581072318211054081383
64127652275687240801350573322856061847337262883222
85120060432858681228258246142372671077237344007581
58622077040674045308823661358578727477276582851707
24673724354462625738232728133605724028223827075414
74334358320833660480872166657311857368521142438202
55221601312841250514840244508616546623836142466812
22851175017674430666516728183307231372803085558618
87005252447858388645606582654616078434053717015145
84707056273333271808316558525428621303131720546687
31302445181304063506815164660231071187250075836684
85826654202785787331318576518543811417602615806270
22866463173744738088040628240377412074503833248517
12038043125077454700574037788383204012653417014823
42558851251478752884672567135772881424013611224145
51335875371351854065645245743606881521506837247231
46842738147633027040087776665210034340118366765137
23573555660020467700115657574417303205334726086027
37768534564332008875421154460735438735262456603788
35726570428265078236703366500542835172553152047140
77357021845353661440513213744180232371747171438664
21045550575446024683020284024401127742540134581674
87345881272332026371132047164704642407470362704465
84246204323714751347161804705076824504407203822628
13813563817800425852145045675234453211757182580586
27518141371685715311353411034834606766514682116730
07524835750883187066623662616101348758260168258163
61011822538873327661505603400856005520670286841135
77734388830564108441170230563834381702152588768414
68474430634285624324845220007760352042010642226713
26115600540572786212846842023610161564370853274617
86212047647634846067188740621776080536768056600564
23182013630875580656744831023741715035287086101048
58175222428462781245844174846005477000370070622513
54834628556733168015425251378771443821572585633826
04214787155157773876052377487815431116707032880045
76053536241615572186524443307734080647165620388274
36247150557304346071601631351053437200487587523652
40888547201843313337757160636151551005558437672065
12026658565852166351504573216013712262264875880375
58573314735351380067127177657160564427442631601566
67525784014675847120588334508054774546442403217707
55344046445257620766821126828138838000026082625024
25724732106505631021142033185247084808363851440613
72512365561406821280214421048257481014208253184336
78256407734060558072788511756673634343353822487362
08278823343586043817167524624566126065030503085467
21413758262541206720767643888347234448101814537761
05222046517816738855072005111727536235254171877605
47311863537153361276545768353262241858060360313758
83037523621281684520835470315125643138243352816135
81431044185167206841110834100040801302214803314350
25647282630186663217313882007736276247056422874352
63827561350070222352074124307140531186581124447876
38106257256858381312358187076168568704701384581283
66005635112600851880732053036362617120786054624288
42241563111704485678013116582770056424544277866054
08868848866450475353814455358360277538445851856814
11716061705827775127264601404488240418460648737175
66002443240665151344056441163751250683428162035718
87251622413817073581588288386774407201152118364470
08765510056276601567116145427163022172044572367151
12543770260324476548858648548770067082176270334685
54263363363463410686460162247325764534018176430127
77010233155043243643343377340144634168304070004186
81300851725428045131133610581042425018145518655057
21071675400334336450060335820003303034076532077272
06664420833448613560260741132242543757130557843528
42346034667344557548466832083176572568027168050172
05651625315621805284551015302758077747635346034862
03842334465765602118342350241000503745838400751520
43360064802064538107532662087010330160521412156147
32884162414518756635243653872658132845212342325436
73485380612255731030018388864268738080117617522031
50012242460068764708358423105785561520366616031286
63745441867887700870156571685886208432115068246352
44656702408161821281311765720082661283880536058231
20245511822382753412204675180304084583062020703378
45820265020816656577708631740110563172014321281608
88811735003665880883273013172106574175354281321421
41171740143600241101261583648414843681463175213208
85586674730170420045013036870233833146782663475182
43180830381263445613034510747856383685603303167701
01786813713735838313453010502526181254406060384178
58561084567756142640535334263308447574428135141587
81040580453562335163124884635658882747200577377280
62850787666388135506363807540105218837236461473052
03827384404208141385308640780740335058106337871578
38645284628320052721848054845257402513344104248430
66730178240158587474062546875401202521034807116305
37102553777817646364836647024226283288761537570316
87107204328625013344016361482662207436565486304018
57445111622624786061476248567707462126833728537816
32342600728250161258742745060332505468384180471318
14147437727247284333513358433670538822488102841326
32820365786003323131252734807410561386721256546350
17481702515222532848505367558227032253727062258250
38140412146722143725080248511113505628867467687875
73584674276215578665276605505604052522737717436655
20364073228352488626250085113614461665028507682045
08371524462834751818274202263375786871662638362358
08213775145410017111071002203327615764372367366816
27363887302017810340858085715144332352858885252682
21462313272623425316537878116126106468023614703507
76141315223337670131116088525314737721375005780880
66371148482814425507701382174637660322772020621552
02625344378604573673881646342503042733762074611642
24645206377686463661067773343738557026088761251580
44811143203763176388468283633515841612327881077874
37614368676462176872018020016386607114060526672616
67157276078087480434714024257210856314024325266050
81276656648634178741405371827016316241808255444602
33540818414253680662011552308674182137426328623502
12746075757334427260805656506306777388786451545411
65603411220403351663071107387707205815362632623375
45045615302044306072383601621642187021138642700767
25356311084022540153012263651533638611131103132137
68427866855301144426476443635311605300415380507775
40046455515720838446207143763766463740480255837455
32031037204455244335685223434601775278124713508242
00864851564880832741208877585716005812412738612000
32076845186530173218041521340140331575731518357116
55572350068713303200424027847603838020530457212217
35087546511648054703687717065312768878555768221005
40457530700373031783288841040164417885656052836786
64434712455261846141483550602413585582076614066351
24661044485600734183875612070550616331863786051713
33342634336861465677615655735580651220265210202754
72788454070473135567533821417054717183483582451258
20314262832051211115762717536007416867552252748216
78778518544023550021628368876030773277457428508363
84316063885587640144772033062043847226320628120540
05121738030765203040458735676244673057687144334457
70436461573313731867755532806501551763801326607286
57308627560586778057847636667177502374045804646526
10611817551082241127632116044205286312504582371377
05676067880076774025148805448845710413853323637757
00086138368644445247355518536604737344553745803201
72521803874351074035073134312787648351762008550730
36563654576201025406515572083743846356724531117003
48628174777728150283211064818173476434015573168848
60228420085300470247236874044428616120135536007534
26332054521203674521121488011472256023123000016581
82107026205048770312733372636503341532328511882517
18525784547008443504616662583204344568140460655268
33478286515547683732056668364558154342204432717233
35436288628854730686777728625137671224374500213313
14064742077454573547637326542313533808242632656846
58443218767227182852227662680027450160064426677363
25681081732176173056140844857281731234137583264407
73763276734850524582374372567742384612857586825853
57662642025636244600706366000436547308325783075653
80207255166775632562334254847761207030181032074781
37827582210162583553811722571312175152487378588127
38887005782028135507368263624420682415888538177634
22424434833540856873405384228700032262255845755406
53360643647045634806646387112762083433846610437235
80885060133780064876350583756213286162787356527310
23203435507231622464137175755740008483332633326658
61445501023423037725301648542606615626345844736545
54530451624806733307886680851505220522256708767810
82202206242084032464871758756223133583700131681202
43871525682832740171806275232247035487751386536124
27234250331522178472035055762254235003772787338202
22432611122336020454656350331261837737830271818054
40447026101281484232572405148626382871868403752217
81080018610145180572233601421146368730687617373415
32528458546771120415470852708256874721257644204718
46702370750467015082676456303702304876625102165252
82874481280316770084075550247420368824606324380735
65302714202644107408465187656765673220180486155754
43474753656128430254823381737565243006041035411683
81155846726635416726314425335437817751186550645406
17403271350821303420834515888154338515031385275580
41427155227738613784315567446544164005881006801521
30137677423266274104172231114302866283656320055857
44524105563164472072453251017060158474683720685257
88186518036014157403554376415175327786024026044105
33040452458235326341458577400056046128677708585088
07024507651252213540034638062618084637643587528315
22782834661456850371261437114413338544071866564185
73361784470680115413101383253513862650528160117610
28221625524042373536516610355287785001231608600625
81886446716558215844245400827417870351664224623520
31813245863114543488037336625826500224753701460668
71850755148531316117606275541716237626211473557330
57053881372014407143368882804267676668515328707631
35430638784146141262325764475517275511427200356175
64151034663637764186170328528766237204348702047826
50165314080825611201431751771375372577278558074381
87784436585052558434100400145872247373314047854043
75673871353360706507450851888703168686528770745385
02242443222202115532641313052364733848050443611001
03737236414631736507135118124687408410415117452403
70571186531234636430560837033383674804055836674403
07354730840823204422188562850612753366365832755224
60582651676467450218857425283516856241404706544387
35108517653175520303240337031558005845006758834213
66424426664670220783080780146044303632848275835123
76571535813763151781152601850518265548022071822073
48003278217652053886441611557508056317312030882300
88478037416886521232552205147676432642263210047144
68437643106424328884622037440770740156822534011400
23634478073056640526503234356410477203813125582418
63030562536116307503412302614478828804238720001534
41350811763128676586834370620643522636066306047303
21747371253334284514484836361175435032111711827410
77812443667044481733213367733566568661011873625055
30601258834325460360134273280756645284126451032622
06216522553123687676570635811768301632021033616528
01156768413028748867817486773208428565470058263035
10401544561124355275282584278781755606438204545213
83384532631383826504053645128403260015227787385677
63461401556187187336436686413185816538023058065277
77380758116766258723725376440131150033651680431547
17268416568324842543547164434217067521376584240037
46703721654864168284878471535577006528848850241047
33162833402044157082487101787563517158461457644008
72334034850443471821608633148521753342862482034045
87160446124017362748386731325652372577613870352450
72747061808672758463234221650015448714302721886201
00802107154311808712375011358658673812476283157822
12666717350587264314086118630483611421753570577483
33842813251356044773778316552361755730664202351173
05187221553014200531260861223787012375478424076052
41460701008666051120670642700447362407770346533145
52558534673062700617738106221587023250380515864211
17518346465133701112401853327366307767541485887062
26500701627427578836061541876822066650083206470556
27245276488211525315737610176706687401418815882484
84704617470608382856837887371743133841534083555870
02320511124063076184423043677352230423024667615044
22534672176567241501073354645833071826330144520213
76513840141434185800841382707658760743171348673846
40546817243246242871385156053348524630527757555687
40536676142205357378331817074101885562688620044728
45746811157585367714028330368375245080883260835344
71551550271136767707480183617563416122283588870005
58378388002286460172761648787208635166365805211353
73178828763046843877730664714175336756805256433534
60700442414245855685065806762150626681023067805116
31450672156163125670644472285055281122800347115572
81228638701261316138332200635887300227736038628355
45777764673460470478676271838630443133567681137342
33024386831707881755851713675150226502683537555146
65236581217342885537862187340505800715235505507275
33431160083624535351007828678421718720184478487738
16625048455018188702535835356280555115525761686600
62840706701273166827307566432206161267100115711075
56545502864644277146161722054125764150220155873126
00380815407557181831485738080711250324148743362368
52642154025722377011688716215188207703411084423111
18228524341603225330133546571741554712450202085366
68886186373231068386781844085474427542655148361163
30565750372814518657273882150626173841870383273750
58327562101175835878655211343287525041667210075734
12374136717605775161387625003288660335513332246747
46256477484320511880213404711416428000437216488635
51008738504674064288731124386005841086882042201461
82647465127511757132712432608786686514812457865227
00815715561806284810350415476121226472158255786132
60571438635061672743675764074477086157617841132025
15442324686186342417860858000518766715384134017230
22317053560087683107344817131671387522380028786458
12262506411266275771607344860523533577888404335583
72642000186453440454284357872540243812273764285178
31461205458218254732100221805454221161505730185782
33014583503561073225406182531248542722103168011037
43002572238286735227526686612684674667005445872038
83265416061004381377686516651315026486765722367516
17224685671600023475162472285121548035201672075535
07632655152373776233257566072400871157180213515743
57411440206064320128851038281636083683111470400475
81511006003111747322873217342435027833481281423355
05345508804646575832820808441225446847145836528872
44022021403012122145278834352624300588205608526036
74474177787035628754121827577777800057261733721218
56665385661840311742314438838401817482384652122287
77547150268106110373836632058007438667033571810656
45142118576024046587563313376377558101770407863684
41517320607331566613381711446472352041026740724484
22822316067215072275811247285646600868568226113665
10360682445451824188108104438411356365372481420772
42754005465685653042348430731288722732048061466080
02608476568066030381566068636143348537708511475783
75388177688202540258166812017844871217621718047401
47871286431647781083028282348351685738150623814375
52500118065560773144840552857067745246156521356131
28412602432177056378523372483361476260026781216482
46044257620143530127522775604688025562822870680426
08315117232848817707732364144356402534645340526058
11050825323073188031161704841273053858045360783641
66020222634110642672305510704242554523888702426526
23658258612414246226240384367728030327226330683465
51772033486047001080783635746841431057731842647861
35553247483260460648708012062060733737431038565427
63465380653506635016607511427708317855346710017371
72311340533870530203210270827750805772412370310315
22315036554145574237180423151052683814424728832487
24641318438560150241542073388348102250221576764483
82650208155640126547603288638032545638443712268822
28352745646564555084025304763654456830455223817255
42474368678755825336753201561423488830011412543242
04230086068462760572723240001662018003115152651440
07018221736346888832060841276785580325571501280660
50571428653431186285317674310375504070275367807538
57726402464638344020013008724407442288007515061413
23038175141806027233484107608517277120631846631134
27563028725513830202708865614361888065517815333718
74750825713546114261457453217830486641881116143786
41654253775383348317251642754613136421260508225571
17714006664017330687275367768140447651434304500633
23651360258787506276640502776452770867631660348546
50133736634246386157644582116682355034737181530550
03710025731127760721671517184765105712284308663573
46178325442770111658050130883014757244584338484871
30284037762404372634565364136131321138178803422502
36023165264355832652703705422122878265286357083826
56844058146846038326785371324241154168680488570663
27087874416447033085247472234834783238546233721500
15387100475171720517675047641530742661773041347101
50212660456007775332308743537814014577458276714637
54280243640575424446843734100343881405508651775416
10875804138780817544817175826150853884421575485336
50617300700336172165804863823776618461865645020640
61035405887187728447302340774836326188387408475881
02327446266437616404370154770568707485285378466070
01612141181848132115241817653212142662550827514154
47285250636752850100485370364433610668032317571854
08738138622055012424504167134045467730664530014132
44440356458031353122722138138281561648417184304502
82061334073438875452042431538725046640757153647853
36846245213410182815051210537080270365738771280772
10312615010703376827753457582643837634862758237452
86237743328444501671662730263725307480338856332480
81132822372076564388621757161284323371265466412225
26674834052575772858238205405524843403414360164560
71634630484210408234458558343045784417081282203601
31715542314087077230743381360175201186161554638516
63146415457804800750585278413324435384300271735380
30787763152151207422878274078052611441606014036514
61185888504627370328332876776428735845480864063705
38587405130560424618000224687817084838625531041235
65658672306545314464188272681348786052237631385727
65430447755271643213082217775522310671154463658282
74780274513584428553880870544876851836855713623557
22886767114060057554161233128313233614464558776288
63840611276068623443247603274754633637154678873578
65180787101617630388175844787187164785445677523612
53355501711111821036767548586572301771152462375677
00710084510536861380758556455506833703707511675430
53375184736242578553634525371765311543564386742883
14772577388888757846384776216157078530676004458505
64883107236475820611385611445228466537452621712105
32813658781146710447070358160523168410624037728875
23088325758866681816754583134787278235311346822150
61034865123256370735801781854150360015054856330553
75026082254816267026000726627820624472475457020130
07028045626567013855425138841040283022238328054632
67033626005188827521106650526304004330546788136731
12356545704101724238117108700387115066835574274518
26432277258040871032580345775063055328638333736807
42274133825745173137773302636332621852421006587015
35326087746607825753116254756177341588382118065466
35553221451344280407157616176558812423480081310056
10721728243383816710643302018106572644781732260433
04648430244251850387144551824184508434751106854513
36418362376883155331005774501451888210804744152470
50301354287305284782858334755866330388742805754732
44183747071187820083670677684435070624446684250517
44150347046685384567238225557832285584415815856727
33175700811604043307841507748751037236852085187812
74012567743475274687606367430472645366270440388571
15818042764085574440604174858701811376340460876541
27046203088426807332056064518722753560414235837161
81454753575271470316758608026622872685820010435108
44435467068451834225817074336637618662858131168786
41758073044020160662740540855424513082056416310007
82112576325341741174858824735281312214381216125776
27444071845508365255023138033566341308765636367880
31842476641358203554344287075663026876537607027012
34813425776001754710463123443380701525664636612411
06242804180563355733505727265037756112323127543534
26325027716406048558343705215840302016576108724228
01810685731224207214505131218401734605020530001210
02024551473000677714026620825737673257573786312664
58773068024734331716662324704061544583550686673776
71667308284564743082784107653226103324681512577188
27182304032830827350206013400640152714534426053418
40247334432011442068686424025251744708545373451152
77574857734787355318051002446358251216670478405121
50628567255381453757700625468130254226152486145237
42324716681771856241882744828612473665206256630158
63603512413821581201785282207211883242407530726761
84425033280048782854073105031588234713842283155316
07674431551216278107346220655427066240654763084570
15457287632642451603058711680384720577508710725152
16361007666557275077414475508868066633514232506343
11070700624584505662050826156024413382123441075526
78818578521240572684068373187427306722403310572565
70768127227126264146118838074320082647556145387361
58673525442882658688186308075254073173327425643147
58310343068723510641866770677005712343288288112226
43857012667341611515215643804282552851257445350036
74838040408688648238137177270004306631071741144831
56525240463716250865633788420442715163160761283161
58814358562733235667252524036747307425745080742807
60562723628762725302886114463434312611801141272702
66161733383212266583555425211568227187307170817523
67631834884484504681845144126070004154408438500316
77780123440131506362103008451460077786548212645264
53644566668332078622637060500240461782573707758350
73067528127464103883474546313664625606600508738742
76566746262120656413850208203476818680632738605144
05362873331475271767461311574074300614121617841221
04128474018386068738610221356880307608002135311258
55474211124378201080077425785521378683771038244082
25042807760401737370370721381428363784378266866836
62020023873100302612877164185303553142578810335580
44148078540738258876481545403407400450842633588138
62741424130357383450342881533358588653355158105322
50041536778377702026142782574831460844004157815576
18430361316844722882113554482343222066041420117880
70384674302050256151352130507100846385415757177038
77467123681770054365432048034032881418327717837372
56775825820181887664340207772684268353154446875487
51313171553225587484323840064807542805010131277555
61148105863683380447111833152686576602467735422332
10413038705526735880325072582050074031141378703500
47318600430543810044462566243843873740844186483515
40661677630244588158817161623471314562750636715104
54153517221001327761581673776365817154132118664230
33703123382044858065585704551877171455324034622474
25188473636751083327780363353887373368683316344001
63351582414086423731022622723233645102012532108680
20857853085588544682341715347600311113478634167141
64477706168706334528425084240024742224104838130020
54348213217138030516380157378772708402226271443740
48044311482522316711726406762243003453343683715460
16272207277573148844561661631751453237146760881400
57855456368448388617318365785483432016526433284103
61334085672450276423887617560646822827427144044348
63421336681471604250722303704801408572130210830634
02643351138201505617632256280767782745574507534445
84364221154667313824852734501548268105782085643174
18202185574427084210353268813007184038551866048702
86580463153355118744330678528415664252647600425481
45203585504042521434473306325356846573356853702744
17062244264150437431166556148001284460755052835710
45552040505088825562017786081265614775463405736528
66888052074618061561658064057248472427348600183410
26248465874444145056801033864261064232536274167017
86837654754570772642803603347507426873644383525510
46045752575427132503554450744711424665738221253447
03060025051882566658873817764651120538443035473216
40742133614744663206703522573337364080835263200814
23652453412103246765873033115625050204332274238041
18234851625657457742648722604677380813708746333586
72311404204015173125447256827632810208667404862843
66337185374880563353851388242506723135240358657767
07128407236002550626455677373488610731131256221756
21017530613301043514778603446071767228267188026820
50361874187740517703213785224162004887083718261227
31072045726377371240075655381000511815268287146087
52886616437377338140573320663476354430017450232480
16718255157624087084380730644383040845216072002357
50164670085771253544730521012780234615583472473651
54082242560621427641116787626337406634016427511420
35368137167628122205108164152378517400523788416206
15873465203761523363168012150607647447050120078787
12205741672878165106880432451423553766818544258085
08418684212872313411675856278078582438581446667152
41128506408705378541387872607525682475843467644440
11677420124053517184831851345535405728644020327350
06558681387464146773603850860254281267577146805462
44070872625078303410866730131662125167636370506338
83028133351032127627261634488541485603440030621703
43645316333136224603000517766503155432862741152562
24612255114333606424615488680421641255444416430141
57376555638001815316470618553563450562172566880056
87757141354437660531100631167661150725303358206250
56801033160673656706011550661637257357601443780665
07310664620128117480745444610231047866245200275351
16333253321144060083384878656081587745785501571542
24603734426004466013277042786868325106411730856357
64836156706516132164437404122876845262351732116725
64355232286787044608730684078324121318260057054427
05326082845820414872884663207852283855142623642601
38032113322700650533627726886510773470724257575080
71657485176476117077855165374743400675712768114021
73308386881186604303543770460710403631314725306638
68431033120582405340534807628333701833878648572538
08440811624562188354425731445838014310486165147627
65105638056160388257304310410464051334124104700158
71586000106206762046687565762065288253515680171103
82237007383636433751372385235171637021421342212863
43727661801155728803284244014140662123167161065146
85280060560586162666754565533024004420337325463725
22372436601564700030014150184807736265267575236448
37381010846303773137138886134333500415627564815468
07820340310562812345342841212881061657062456253006
24624533228578001781333430280286455468734683327216
06460601541846035360145045421385303501431668714881
74158660147354543646444032458502203244054853575403
27637352430538575004758742882447011854805462681103
16412280840460278017784144838323735234615631803768
00183442271246521737237563021327286142022153588847
53858313352001143046753615060831665378428278718266
44243014366144425875223746654370448110844807616070
02378143516670213742175332267623173328122718433856
13085664637631340174882051723638816881183762265614
05355216804731728135178645363233246876848172236354
71431663442758147404545723846380458775656585677032
48060180474641827882250355342557060421188422760475
00835143376811368253733017444775270125308270275462
42111308087350641872043516623623108080781124188076
22170004384868327643888030007088748247846680161665
55247702278745161881851414601680661817462832131150
50338283711130314702247714358606424455754665213036
66258367846213277488772857187020543011263335757188
20880531342122605388047204601356655544104370141410
34488881510425466017323650306342061051533130055336
65510348330332533401162323208867225807420421856320
05827010601406434545603028083737056185208063022188
86028606610406552152116661435423402060641686343510
62767062860852625188004621000132717814207240488817
58724825082175453308880561265113080677843065123861
80274823363866332415863702230716605736155564558764
87001265625582633384357838343287706487652118225550
62324681820105406465220752045221685152401537518615
60476071846160553515526080252612141857403181456251
03680483482301135310522581813563334822510431861445
31308700863153017616666045484387688588456005832756
55344512505144452262062615782775585606468404358282
04722332438651441731042480530180844653581843456506
87600566483584842568268811807844014771167608743552
76001717714654851458716441855000561634545573640838
32887160334035631462360120507887816477326303547073
67746223835788208323814837820302001481681102366084
72706146115325511055063600655741313434778444880276
41737687682556573712833686675417078034032508228462
55757526753424508332113765468215066848104701738258
24426800114433400084784233408033683750024007662070
65783311838005045787076202130055735373420442772248
50887244141814227260232134500830875276668000776012
31145075084503643156112186541673260773038271238573
12528517216741347206246786165865234373157264785127
34088014447376378263250215267247482254212501140684
26186454731218312301381443576800741226371748338768
48128148501608022761455233785248114764877831756304
02740528334817700665035102741801060660473803181771
04575347374871856337235755031673411586563453520548
03162267872601856088224475221856314462080657768521
42642547602117783158254304371348361175042511455853
22753123887105171318864787062711567243100678415484
47883046304660430806444185581612424028266506482514
47815807704351680467021455143502188203805537732726
05526471623252133870235460238717628622303610850410
75748005642227847788240345886383676188358824447422
55125647277043762063281680788337544432820110100274
46187547464323161558471536006381606543205081061300
01605035430283547224612555181322333685028805302874
23581830617255640028871333145816052676520326304568
32284360731246510003568021078740066800024181503431
38181283717130636826170050565473137704025826342865
17708383148782437248733650122140016710257628678836
54473171531376463880531105506483405402100722673662
16866613688176671247037304711857568880117743568704
51151762447103866224532045570126404662517767880863
67235232018835752334282224180011556343838536563071
10021616706773385045004228387423516731134220630478
30665666252016707630606025712648683826460475277171
70567573734407407255645312588825885828647163381308
38382852744547850221445467026324016776630705445767
05440422154171274787126403015510042735557368676737
40266584057261408407235858283874286564662746470325
86375834642655122132348103231576722614017453460446
24171625470304710616027663172445118718704134815355
03063318008017426457186188164653404013034622815030
35470382002640638733285671115752466623042183204468
53546253823406365330047461724726012511007780240163
20423136678172870516217634240637530128834688487166
82430361426473702780173385440572133013772648766673
80367704573300413788036732542364726680160865658742
37176485180247154212580527382560531275376267556576
55000410572580861483288736014358060567845554574052
47255127780280512522180846674475358224372677437436
21063225651073284751072081678677444644125624053388
48814863401700187278408382175601608087506528417667
64481220080101840318708432343325654525115086787428
82575674811147546248761626146257886806687743613032
05421616401184161800658548553165124717607535302205
81600588437103000521044800486546712723782370326038
42750182334052160354286708603372161020875537760368
85826528745275753080660364814730884067620768605640
71847632013722562518340388250625863775103473255621
61714374260237507255566373075341840470366852368277
86113577506340544646184005261133076736262666544780
16727678126600254304718046848702807547185125001747
26133800487760441442447818618103765046663438230737
53830006444633577606303316000578023555548244135518
86800003553847371423625142178560524752442404422412
17800420240725731262530626065545541233688588378051
25345005350263661688356170570535144000664466137204
20708066482320722387155621031033652750222888661352
40386170641624385617800082801837014344524478386002
35648357741505041805483062021038834560122235066828
66186236613544581487120121862467071361383305733447
24873435773016022815187026431205830002441784818651
64800724083157677288553371327065865175263335718436
47421556186687263544021803205424543465003582674044
07822337434817681361630866152860213483032023022756
61317067406481481607501320351542785344512787310316
75675812645276253482622120164542736287146126581222
34055130872157723414133655813164720886632048234584
88454572843538254885311012346055546244867281805876
08250640061368735808527742303178070747338447741542
62023433187833163282476062467278821530613503488483
85567372021786465462568181441663010715753202533565
22265470848124055500765026462384805007137240530715
88202266465041452131884324651875717015651266360321
13858048452651841373836057081233074420817504308638
21607285170135613778508533676656551772088107703380
70280176617557134613171850217130856387527550213223
57301885568481723442102171686476261220213552878241
42224513358805007520560286863407680820436213378761
58472661343630364185106633336773875881125276184544
70822542365768152554336037420548771068105700742685
60546662015648423376038672316101204071640120262266
86546262404772073254428853447770514121047616358346
03374880706850348866318582605235450568432051523482
58840806042183824688145400847276680062176711050682
61640833130174281532428617338775343822188374485472
70736651407082607263022887672012667112854763750068
75216123116308363672705854633012161440784870326532
50728806455068810385320587766136544342656543074120
41481263251637518620308142630785654376063551203143
81151112735577011548406442781104643182822584170252
08838063472717260518063185856576833534388581317631
44831877754044108634647685600273628856233854014358
04812681114458734676522775280710645528314183647777
03478842710136581507625736854716754764481484543501
36650746230725854750716855217386663464021302727050
61342300666875137146028353228208024860875270447704
14454624450687273068632173544538108116772367856668
83264436574615421257164834200606607106236551361010
35108804614153412342320768057142352534845678032666
03831111103445687156027506107640535457602478764653
62083155088373258318518143510162328643248410403755
65861600032677807367161157838514073661713130755642
32836082467134256605058367408216726621322766838311
27374600713811060540411820342408240460777124181516
37047607406757216633816414846583331822147813427301
32782518455734744383308844672515480177522103006050
62582454003168075625154505221267842836722367180842
50614870738508082336483757461360383752575136282533
88038461646373781645011011703372584541620666237138
41584813340561023735144808333437704221812832325173
51230447240703452332824650684342456823175411860531
88331254106353507027655788488245724538810540480043
85562035817246403517555323443523804332332403703285
44674071465202885370871485433315084017156686510833
63007267880252887722055557847767335135862333123304
56468270073623021587476031163232421640546607613663
74731666560813355153442610701535687576153363022367
31523348216655847733445010820244331252128647357767
56030378577165532153746218753762808355317706280073
72816510711037664328238641485508044787285268422473
70635761722863770386502575160661712843156866106131
00808305132341616550800752182056285435175367857240
34845347888886117111052881284027747113725846214186
46872515640365624528236686123115534038247323181366
55168425880168665765645728471117803264264018515332
02603005841261254485713305220300486645710555345376
04454765155101063366608564544218361083325415762682
00163027735161850246013073047832024267236742481104
05783515732078052143137658368715573483456805266002
12085370458010851354185460562046540640404551525268
71387010860263563870151522173744264056667031324814
05516717181114574182401387878272482860740543647280
01702851436873524658467501573311318883737742846268
56516466347701162175550631732144367238267260247124
52356680825242374672466764474822288282333563414748
11763542733612002880212051032234355611010124145525
24844342285232825057070203213015205504857123266275
84604563024311125634114840605512228243775077107634
71711723662306378217202140305687676885544306560461
58868103632611574710704611101516626287470854337542
26563463051376004106425661754076220887380267862670
82353787571315527571546100155838740144157728512361
25070504756422153033130604005558312371827067567034
68548363408738244527627564882415675288703685016077
55402770762730136673575355503810556121526505824834
71218311733275333853502040508217202465658266151137
14878562518212415068883742828308848436466533511571
45328077068550075144675727075418588874634523742888
72208054701248544758746806251704476388230660185146
63688714275815733655158802405230221804531308628451
41443474431040023365553326044537483026100048476550
07063137236012367341384612376138038816761113102553
78007243252047133583856400372082786203645867435766
23263468447702363707078811252488570012742026506127
61752301323304128833502722616222071337244047532254
20725106225617004262634258782326331662603422041473
45331470276178516732166668612174205333222868784327
58520100343730537514183605087778028187005487446064
77855606666625513445831030037220310553652570270246
81526248257241777817715728315248763128823783451002
40461851756530528737846216286310017621048870375604
83086687152213817505408367100328604814651651245756
65505152408546276352565445878467016824365711572100
23371585337303708881638786642421121480828436866540
56030850444070825118838040568218136580884713715403
72820087148116421136186474068112450513226664260450
07007885220582756220472434031268822400526210284515
12585436017614837235230711064833677370756648341546
28347265857355740640538343387724167673156762663101
84485213881527461741181888778765641636047845544808
35322603506852201402222680306362852512445470420026
83284400646150103540712048282324283025748240005065
85180777812840258651603610564730067467712158073676
23453182405655234602403884102045354382430283023801
57631835400501162752367852750544620403057164038612
66085327554130105020318017658480482381513560784242
86275313510271180752224864537657556033583745151367
65561720813383108187215552657377663750338014240313
23374571332827716623786534811281415080783845436466
10061535713240687032018273443141716238578020221215
42746441473132412701365062215484347221202683048588
60686835831818883352225687060888172145742785852370
20278478422021172516265850828174822588307571318165
65313731637352758146385783426750065264718120767565
06548417501685712644023134512137237303450353472535
82428011742327536533146086008555123312623175658425
71836546475117775242404403710871084706334638585251
02577271633341756466607340502042064065183452222872
70442061141010760704615102044633863082672436332141
12218512866461685110805716631523558474152148042316
68271217215635334371577807571861078484164467447543
05310714732787801627416886088230130486502635821663
86758628754003244751207446421117233827674236488020
75760086124365466121016010066817287052836630382561
16161230173473770804660870718327431817513626852304
54277124340384838617205718422212437282213820872560
05244761703361071363040283718163753214712564440482
12352255013414400742062386456834143258503204374656
73141546818344374544203545307374655548470060081520
48262637421080866472310043257400480304665437868260
70507481441124214110717575573741418548131463618457
11085415304041286247587435156305071711567084615757
17781723088075874437756058332553183832177368742268
68572401156284643673131508701377710867764613636311
37065402352526022487240033117268418352764667175483
64287665270748712706648300337046538626480075863380
24025330042531685834136445588004332404658380554505
65556527080002860727277385504588774308834223404151
22131163665324702523584586302772045882765222262370
67068236366203247482103618332224662164101034252532
04124873610860587170582252861520153638881712827005
63875373133237564834517867254752276551740072220075
88040714256813800335151714050225021175125505483515
00553012443050778344743360835201648124184655838166
07487620616706116784068250370035831460125338381742
65644542877762705885144755608432424541473744380833
50150221808635784534185656822885231272341481834373
00150557855061852254561045578830535081811208655427
61366563336773882066702567450466013001401545248075
88317128707662020286767428471358464673411452457634
17076676056743306585146542641507657330825477078724
83740508515105204776270173071801687613004016663234
58248284040568518523867522847571136080633167687285
67101712301167004545448183772607161726224024806234
41034110413184218128552627862707617508452472364300
46223745131478561726678744277824381155522570270351
10388113377101625645620728486120508813444515087052
51372527546575454834868480673161240510874060046856
86041688381661281324857362103224523533417421053161
83624880542281438506040560713353432430460232744035
41270452702536216136557385782438527675546667632010
77343235226055744420600032215450276765268567535543
34630134476022530127183066838488238743204738820518
78381118711214830412370441260064625576330571415823
73257113112376052306075763433360353287421474007660
81788816057810733682015586285851606327836471710021
08784511211620666713101636416661735675215635244633
07825032066571433052084837857001045716160536722083
07217530178201435660715018074586157377685233020552
37845774873605028623852420383408566375614286481588
04803771332587512723241417615566007232548758646777
11555314381674307736724188541706734075254714436277
27108880684321775174758272678836553121605436512805
00651747121140447788401283814156207225138247223758
72466561363756278182343068233282201613153227384167
07407188556050733850005750423410688376268461088757
55426653640703423205178716851842141717203834662545
37524557818368133457416166265404551312867274103075
25671222030614110881150783012655207621046054257013
38155437542700224762384756332600843245083814580103
84160834605536208552323867568688588704664883050148
74302324018557452114125508411635731234838425073110
88817248637360664084124225331288334156188612602258
00688407333215874024816200867811636451416803684515
03521300845125074852305630073407812165552357213006
33206000548138708653654032620883814136863883525055
18711283362612264678311462380738813544425262217530
17362111803556475418018173166103650323184785018378
85681302163675844267348262331518461764341632050461
72884476238657613023513643880526677756243275510247
26221736518223202575333754767500188371762310521673
66061543877476661417506237720020730508285113051156
03860233450408722081446024354115857886444466722530
14182138003078311152801804076170676503516075270027
46261518473160548543776867301630611262401551307172
05521485625663680611740412611145021158212517345303
78810823176276687583471577615626063063820280056387
16845163232223421806783873277061725663021158165468
30111751223082787126135027442257061843341061038047
60301818883886758735776475216531760806187635773110
48056008123340405468188344231270164735677367441740
01457286025231017436243024283373507612558370753843
26855047373310586520585068581370110573433484381015
25475643216381336032223848011066765423177805000045
43102732440360000637334281535533277774352156766361
81130757831215587871802174574671665455028835763175
48315546238622667763654863506084415783222754706758
58303825676601801677153541724154124707085327783321
31471580353584405764808075626120786884586381435236
61346564220028301835332235166501512764876071368532
38302177556380410573825625017113732775543748772135
12141146652746123106515275317307241621663062274870
06827808583511708216068570378055172731635454183252
45634605288617461123528688360212617270260486375663
65718464353861272448612216658463213385780534302674
41337433805356046667050734321067734867245618676202
87658038667027280438300341515288200204518280188300
30508665134148247048278042804043133337565230526174
30763732864070610855731556003383051410112061836161
52053815546844273200268844060813468751727403526848
88626146610346482846730486182774748835845085736256
03254373558164283727308246058500705516450006055075
53586535025546262833821011324465225382323715333542
71045101340184366572346480670348072602227683210571
72232817705738828275261276075521316137711640100187
48387163580873211821757111325500662472487626642146
01237577318372485421475031733243671406621427244850
28371146103366085556253553047085552004243448341110
34081116556703163740355034175515357477430411635331
31787142344880743661487667560451362531284383577686
13208634051581466476313635358536860407702282330273
35823862044358703848200707665865284253382076801873
78611215403726047275038455433802070457860864620431
56361887000008715558187080311366880647005121272624
44735227623571366463800388745645573242233356652783
68551134825820027275372034285662551546107824707241
53837506726841344620062732225062464816256767410466
44332040073123462653827835210801526327488708144440
71370084170111086673865572001220812015226556017187
60336536383760286451305762052122825876276813001387
38645530722864422640142476685518155156472064018884
36004137108518140334353855660471673030330824711855
28262753516625285655646706882744204438540750670004
87421337055843071086020656016607138151113881447615
44033116708568158801530852255415047641077842367565
33125408036602256468306875562801782576405783776560
34412638607674557847301461131028370438367848800071
04448727575757380855324136488087728743261528384216
32044252618841485247426363553011426612678473830254
77113463356174177584542056440768714077677386827758
67128424273462748668083422352186465760543256562738
24244424135405728517681102647660274451768863227881
45412650577235133845026272564528385122376588721708
34777605883823052711751350106246847504440555725148
30362806162305025320044455083531864873256456026141
80624404616356388505638507242081265524028423023355
75057222552846302072323335518806525271221352445313
50043274814684303540138302723808373575503734003160
26803248371108133486186848066352208257136565463634
12728511134772367876311315742227673215625855848462
13124040778432561302373307463451866574630105242006
46244846116177333027363224231584274117326307260723
11353861311340758430553351206763061458515534762588
00866103158838756017145003003137777576417206138217
64368216172163144665325130230785186435322611005510
63615168875753525434310818040546628674181032783287
45752151748881750682386426244447451477418776412812
30011120588140356781214781204238201384277801117306
46685643145755641531553386617528433421565441156617
47202042182808442162787155700381634451547068571010
52313627860285253318157702554276335234513757035554
62118665372516832262474310221163686874010245606857
21170030846384104384258381226337028578367258573430
31575785211406876348855508453574061752281475465634
06622256357416158005327232206171131305811305745144
65207043528410847767635364070602483333108842083374
53181415733721485326235805848201768248185147862080
46084111684865450538784827425082235012160472631857
52082682666876630314131111161785732545362804375647
64182547474658051505017076621864415460108284501474
20645206511866578762604502787855408356836614501684
86600113801564145427424721057144350068636376054548
35074530312856584358781462106514142561055863374345
20665256137856537347181512860207152614384654444533
51661681714825610533173258535586174478140507280504
37314176524621445420633556672586566088784735736407
20664575177061731377754111453387645647048210771531
46526706145055615788636528546332415736741873506310
63015557838417626143287653858410176661755685532678
02470781681058024166603047325015132464526154824278
30826042070087367728767200850602762332318257557833
50130541372415351642672450227770335616562742558704
85336612485427303642757866052536802436640685683387
08442807871024344133440402877255734482540370657470
28537330422424034208260661656668613411803633715045
82212073765112785021081245823635770328552756562636
27465443182383800554368068541678381585616583270881
75448675653266455400371845640544028466576027665022
40647181076634510021615113834460754421502216407257
05665587241170310043635232748766363770662705700156
48402515060163547414017454373480016208032574047045
15204603368563823186780142636237088015637437871884
86703273850625628347045743152268852752327647585107
07718515751803706860685552424260552443281373421604
65308870723227855880342760782734326626435316425526
68711757822058167633071212320047827366281120747054
54171078702142353381301116230804301185633505847278
28277423342103504516221368685752760006701757006573
87161020507343815733875818273804227755218648150014
85636325021687013584517087273258401156445513387011
64151874713884435651265567607340225771613651882482
03584520517717545603770670665477251485113741484457
63051442524758170015148038423013730168168480721014
13675157257113531464308517022051427402425413840410
15237155861123741083062064464770246444430132415201
22305530812158744731303245787825723442423218005405
10834167610255654348432528286650812875434701862523
65027507831048582545324507510067684854735071551101
14365413525048854578441246858410212516765771071510
14823020232444458268501412478310414613323613564508
17664415614127301175682677686757310403443768432122
44372318456317227765362582875242405453304246650645
43454472323635186155805127028388680105578233361704
56132153816166560664522271036384131385071386831541
34637223177281753674445557522155144528003261862852
16541877262255001655621256314202130441480042362132
70780777203336328581236410883333000720624257062241
88766872775657016155455601833360860426530021026550
72645728318625317001422716618060055181546775640681
05256620070747167623165308270002425036871235420337
67720326675728780112070176128212816316472388730363
15613117110115161002271605637404568720434314288613
00643040053364116487371438178570144300473566148047
36063478827122282787305813511605063130221861340883
86001733261533211657528471126505024320012385477353
16264605522482886587176208710223488814088378748821
81461718063422471277521730187624765672021014157776
56326455137301504823742130025468361170242715125133
43353771033261205522000071117455654033823606436681
31241760658835008826528135807361653364434216285574
62383551755602565074816546585623071667257428753815
44876827778033061842521626646872216734647173261602
71304276465805323610752412324626438515035331612326
81203131668827151338753460323055657834005812480122
43158047801873651282803468575112775232302143626282
62500841787175475072718226504453348667058727870655
16530807741061065561164366047051710656173356343651
48170530560583775030236125782856536743344467077780
20482357802302872555347108752157623255864021418548
47074214464518051443271610770034852216533612371170
38107571646845714582103457814757636482171657326257
55114125125534682561472288048045261082126805626715
10372010444550667435074481082552570725582412077817
48084520763872438120262714013345656103305052223366
46285770540423768845485240358135187817720036168443
07624843857148763060013020533055302078170004703153
43421714786878425152803808313625286572127445216051
75260001334607212254216586757182081678346645455654
20663782037150724684382441048221317027126246847682
03002364513861388265721253031877736513717055410141
71075783676670652783455706370478671274213066524158
50884686405621580404471726688024572887438188846408
17135877077324253608882583080041665550025365364187
24083046131206004262861202245324051181784701376134
88023245377756381842588331113827587747216447213453
57520345520887887453261346614622036115365672541458
20203706072610052538145180862185576823044070364081
04785647304430308204787057465272374623440420165468
78047346033846733585588226230114006617211602327338
45881485571037714112700177074606075383126464820833
30377372542157181123034747627182862123628277318848
22460271848250354356788662167057578652504348881256
46632571831536145420436548368511308186347062537010
48528874188432868866820663082480725366141071637386
57728107764830122524315757101373848865760303463113
04063176381158380570285213054563283113344111177510
70324541657121241844753204607402234488582332318288
70808253200865813632333753880803583542767651056261
